+79930692892 
+79969532625 
+79961277071 
+79362220628 
+79966996142 
+79016202071 
+79018069720 
+79962521225 
+79360640324 
+79049478428 
+79955061372 
+79910189781 
+79274308804 
+77026407333 
+79021137538 
+79585937694 
+79083602774 
+79530352734 
+79960116909 
+79367312957 
+79527318815 
+79047128065 
+79021282027 
+79020518355 
+79086798815 
+79957775773 
+79002160036 
+79027425504 
+79012105875 
+79024742338 
+79586116310 
+79027494853 
+79049934592 
+79018561554 
+79089268405 
+79958951367 
+79022531510 
+79910177048 
+79588555779 
+79088515076 
+79913355207 
+79014773509 
+79023128522 
+79960117496 
+77022980582 
+79024245279 
+79952109689 
+79077205591 
+79582383311 
+79914952176 
+79509748234 
+79838883754 
+77857544578 
+79957454372 
+79584450189 
+79002076293 
+79952114840 
+79016288419 
+79023162165 
+79016372791 
+79585464977 
+79083736191 
+79027105687 
+79962515677 
+79029052672 
+79004654125 
+79025589170 
+79585314135 
+79784214476 
+79952159739 
+79007145052 
+79306120241 
+79001361308 
+77021934314 
+79014711413 
+79049350457 
+79930025250 
+79022959154 
+79010194137 
+79961020675 
+79012131532 
+79012228879 
+79951893768 
+79533262020 
+79387735954 
+79955506882 
+79839910920 
+79003102496 
+79025946937 
+79307103564 
+79004662452 
+79951430146 
+79012093132 
+79959593754 
+79047254696 
+79047405594 
+79083705584 
+79588359511 
+79910162311 
+79086158711 
+77011705014, 
+79085432083, 
+79028713528, 
+79330247786, 
+79781612130, 
+79585515787, 
+79968146689, 
+79084252129, 
+79527492143, 
+79049542265, 
+79584330380, 
+79703005012, 
+79968589913, 
+79310865565, 
+77076429866, 
+79086007880, 
+79023288885, 
+79004654307, 
+79016383912, 
+79045709236, 
+79027159807, 
+79508802498, 
+79024998500, 
+79331390409, 
+79365135652, 
+79585844043, 
+79043099555, 
+79016482299, 
+79807640896, 
+79580177990, 
+79955552289, 
+79952919575, 
+77854637758, 
+79012101981, 
+79014124466, 
+79344001680, 
+79584236946, 
+79027179279, 
+79002175825, 
+79086860506, 