+7 902 249 36 32 
+7 995 776 96 52 
+7 900 377 90 23 
+7 902 088 88 28 
+7 933 075 28 10 
+7 902 621 16 44 
+7 900 995 75 67 
+7 901 858 88 08 
+7 996 282 05 74 
+7 936 116 95 21 
+7 950 944 07 17 
+7 908 362 61 00 
+7 995 777 25 45 
+7 952 727 06 67 
+7 901 114 31 35 
+7 902 710 71 67 
+7 908 463 27 02 
+7 904 771 09 86 
+7 958 849 68 36 
+7 908 485 01 91 
+7 901 478 12 06 
+7 902 993 89 22 
+7 950 662 50 22 
+7 936 690 61 16 
+7 996 291 48 76 
+7 996 900 44 70 
+7 902 013 46 09 
+7 902 243 13 64 
+7 901 138 79 17 
+7 978 259 85 97 
+7 902 991 06 13 
+7 958 442 29 11 
+7 950 231 20 56 
+7 901 247 08 98 
+7 900 360 50 30 
+7 995 423 92 87 
+7 900 465 05 16 
+7 901 157 85 85 
+7 996 132 40 99 
+7 901 139 69 86 
+7 994 254 18 06 
+7 996 860 71 13 
+7 902 303 95 98 
+7 958 577 24 18 
+7 995 438 36 08 
+7 991 314 11 85 
+7 902 353 48 03 
+7 908 531 49 04 
+7 902 747 03 67 
+7 901 429 56 49 
+7 900 406 25 00 
+7 951 076 06 84 
+7 900 078 22 38 
+7 933 957 60 20 
+7 992 676 31 99 
+7 994 251 40 50 
+7 952 211 30 92 
+7 902 836 31 73 
+7 901 238 60 40 
+7 902 949 56 51 
+7 901 477 19 16 
+7 958 551 01 77 
+7 901 158 38 04 
+7 901 231 46 55 
+7 950 443 80 86 
+7 994 601 73 79 
+7 983 999 16 77 
+7 994 078 27 63 
+7 995 995 13 19 
+7 995 561 29 38 
+7 950 800 19 66 
+7 904 347 18 46 
+7 902 714 86 55 
+7 908 346 10 77 
+7 901 228 48 34 
+7 908 336 05 64 
+7 953 273 21 33 
+7 908 433 69 05 
+7 970 881 32 88 
+7 762 003 28 12
+7 958 863 62 41 
+7 908 462 86 03 
+7 900 850 38 48 
+7 995 075 87 83 
+7 996 299 90 32 
+7 983 936 08 96 
+7 936 369 35 95 
+7 999 247 76 13 
+7 991 331 85 32 
+7 953 030 34 71 
+7 901 805 53 23 
+7 904 719 20 00 
+7 908 975 92 77 
+7 996 699 21 13 
+7 900 465 70 49 
+7 908 976 02 98 
+7 953 027 93 54 
+7 996 757 34 55 
+7 901 810 25 35 
+7 996 694 02 12
+7 901 854 63 49 
+7 977 215 85 39 
+7 908 850 91 83 
+7 902 099 03 26 
+7 994 016 03 92 
+7 991 341 92 44 
+7 938 733 27 38 
+7 952 155 74 81 
+7 902 305 51 02 
+7 995 064 80 73 
+7 907 803 54 46 
+7 980 995 62 66 
+7 950 262 43 79 
+7 983 886 23 09 
+7 904 739 45 89 
+7 901 136 06 45 
+7 908 999 39 89 
+7 901 641 45 92 
+7 908 402 10 34 
+7 901 116 53 76 
